start=634.406000
pause=yes
volume=55.000000
